1,1,1000,
0.0,0.0,
1e-06,0.002001001,
2e-06,0.004004008,
3e-06,0.006009027,
4e-06,0.008016064,
5e-06,0.010025125,
6e-06,0.012036216,
7e-06,0.014049343,
8e-06,0.016064512,
8.999999999999999e-06,0.018081728999999998,
1e-05,0.020101,
1.1e-05,0.022122331,
1.2e-05,0.024145727999999998,
1.3e-05,0.026171197,
1.4e-05,0.028198744,
1.4999999999999999e-05,0.030228375,
1.6e-05,0.032260096,
1.7e-05,0.034293913,
1.7999999999999997e-05,0.03632983199999999,
1.9e-05,0.038367859000000004,
2e-05,0.040408,
2.1000000000000002e-05,0.042450261,
2.2e-05,0.044494648,
2.3e-05,0.046541166999999994,
2.4e-05,0.048589824000000004,
2.5e-05,0.050640625,
2.6e-05,0.052693576,
2.7e-05,0.054748683,
2.8e-05,0.056805952,
2.9e-05,0.058865389000000004,
2.9999999999999997e-05,0.060926999999999995,
3.1e-05,0.06299079099999999,
3.2e-05,0.065056768,
3.3e-05,0.067124937,
3.4e-05,0.06919530400000001,
3.5000000000000004e-05,0.07126787500000001,
3.5999999999999994e-05,0.07334265599999999,
3.7e-05,0.075419653,
3.8e-05,0.077498872,
3.9e-05,0.079580319,
4e-05,0.081664,
4.1e-05,0.083749921,
4.2000000000000004e-05,0.085838088,
4.2999999999999995e-05,0.08792850699999999,
4.4e-05,0.090021184,
4.4999999999999996e-05,0.092116125,
4.6e-05,0.094213336,
4.7e-05,0.09631282299999999,
4.8e-05,0.098414592,
4.9000000000000005e-05,0.100518649,
5e-05,0.10262500000000001,
5.1e-05,0.10473365099999998,
5.2e-05,0.106844608,
5.3e-05,0.108957877,
5.4e-05,0.111073464,
5.5e-05,0.11319137500000001,
5.6e-05,0.115311616,
5.7e-05,0.117434193,
5.8e-05,0.11955911200000001,
5.9e-05,0.121686379,
5.9999999999999995e-05,0.123816,
6.1e-05,0.125947981,
6.2e-05,0.128082328,
6.3e-05,0.130219047,
6.4e-05,0.132358144,
6.500000000000001e-05,0.134499625,
6.6e-05,0.136643496,
6.7e-05,0.138789763,
6.8e-05,0.140938432,
6.900000000000001e-05,0.143089509,
7.000000000000001e-05,0.145243,
7.099999999999999e-05,0.14739891099999997,
7.199999999999999e-05,0.14955724799999998,
7.3e-05,0.15171801699999998,
7.4e-05,0.15388122399999998,
7.5e-05,0.15604687499999997,
7.6e-05,0.158214976,
7.7e-05,0.160385533,
7.8e-05,0.162558552,
7.9e-05,0.164734039,
8e-05,0.166912,
8.1e-05,0.169092441,
8.2e-05,0.171275368,
8.3e-05,0.173460787,
8.400000000000001e-05,0.17564870400000002,
8.5e-05,0.17783912500000001,
8.599999999999999e-05,0.180032056,
8.7e-05,0.18222750299999999,
8.8e-05,0.18442547199999998,
8.9e-05,0.186625969,
8.999999999999999e-05,0.188829,
9.1e-05,0.191034571,
9.2e-05,0.193242688,
9.3e-05,0.195453357,
9.4e-05,0.197666584,
9.5e-05,0.199882375,
9.6e-05,0.202100736,
9.7e-05,0.204321673,
9.800000000000001e-05,0.20654519200000002,
9.900000000000001e-05,0.20877129900000002,
0.0001,0.21100000000000002,
0.000101,0.213231301,
0.000102,0.21546520799999996,
0.000103,0.21770172699999998,
0.000104,0.21994086399999999,
0.00010499999999999999,0.222182625,
0.000106,0.22442701599999998,
0.000107,0.226674043,
0.000108,0.228923712,
0.00010899999999999999,0.231176029,
0.00011,0.233431,
0.000111,0.23568863099999998,
0.000112,0.237948928,
0.00011300000000000001,0.240211897,
0.000114,0.242477544,
0.000115,0.244745875,
0.000116,0.24701689599999999,
0.00011700000000000001,0.249290613,
0.000118,0.25156703199999997,
0.00011899999999999999,0.25384615899999996,
0.00011999999999999999,0.256128,
0.000121,0.258412561,
0.000122,0.260699848,
0.000123,0.262989867,
0.000124,0.265282624,
0.000125,0.267578125,
0.000126,0.26987637600000003,
0.000127,0.272177383,
0.000128,0.274481152,
0.000129,0.276787689,
0.00013000000000000002,0.27909700000000004,
0.000131,0.281409091,
0.000132,0.283723968,
0.000133,0.286041637,
0.000134,0.288362104,
0.000135,0.290685375,
0.000136,0.293011456,
0.00013700000000000002,0.29534035300000006,
0.00013800000000000002,0.297672072,
0.00013900000000000002,0.30000661900000003,
0.00014000000000000001,0.30234400000000006,
0.00014099999999999998,0.304684221,
0.00014199999999999998,0.307027288,
0.00014299999999999998,0.30937320699999993,
0.00014399999999999998,0.31172198399999995,
0.000145,0.31407362499999997,
0.000146,0.31642813599999997,
0.000147,0.31878552299999996,
0.000148,0.321145792,
0.000149,0.323508949,
0.00015,0.325875,
0.00015099999999999998,0.328243951,
0.000152,0.330615808,
0.000153,0.332990577,
0.000154,0.33536826399999997,
0.000155,0.337748875,
0.000156,0.340132416,
0.000157,0.342518893,
0.000158,0.344908312,
0.00015900000000000002,0.347300679,
0.00016,0.349696,
0.000161,0.352094281,
0.000162,0.354495528,
0.000163,0.35689974700000004,
0.000164,0.359306944,
0.000165,0.36171712500000003,
0.000166,0.364130296,
0.00016700000000000002,0.36654646300000004,
0.00016800000000000002,0.368965632,
0.00016900000000000002,0.371387809,
0.00017,0.37381300000000006,
0.000171,0.3762412110000001,
0.00017199999999999998,0.378672448,
0.00017299999999999998,0.381106717,
0.000174,0.383544024,
0.000175,0.38598437499999994,
0.000176,0.388427776,
0.000177,0.39087423299999996,
0.000178,0.39332375199999997,
0.000179,0.395776339,
0.00017999999999999998,0.398232,
0.00018099999999999998,0.400690741,
0.000182,0.403152568,
0.000183,0.405617487,
0.000184,0.408085504,
0.000185,0.410556625,
0.000186,0.413030856,
0.000187,0.415508203,
0.000188,0.417988672,
0.000189,0.420472269,
0.00019,0.422959,
0.000191,0.425448871,
0.000192,0.427941888,
0.000193,0.43043805700000004,
0.000194,0.43293738400000004,
0.000195,0.43543987500000003,
0.00019600000000000002,0.437945536,
0.00019700000000000002,0.440454373,
0.00019800000000000002,0.442966392,
0.000199,0.44548159900000006,
0.0002,0.44800000000000006,
0.000201,0.45052160100000005,
0.000202,0.453046408,
0.000203,0.455574427,
0.000204,0.45810566399999997,
0.000205,0.46064012499999996,
0.000206,0.46317781599999996,
0.000207,0.46571874299999994,
0.000208,0.4682629119999999,
0.00020899999999999998,0.47081032899999997,
0.00020999999999999998,0.4733609999999999,
0.000211,0.47591493099999993,
0.000212,0.47847212799999994,
0.000213,0.481032597,
0.000214,0.48359634399999996,
0.000215,0.48616337499999995,
0.000216,0.48873369599999994,
0.000217,0.49130731299999997,
0.00021799999999999999,0.493884232,
0.000219,0.496464459,
0.00022,0.49904800000000005,
0.000221,0.501634861,
0.000222,0.504225048,
0.000223,0.506818567,
0.000224,0.5094154240000001,
0.000225,0.512015625,
0.00022600000000000002,0.514619176,
0.00022700000000000002,0.5172260830000001,
0.000228,0.519836352,
0.000229,0.5224499890000001,
0.00023,0.5250670000000001,
0.000231,0.5276873910000001,
0.000232,0.530311168,
0.00023300000000000003,0.532938337,
0.00023400000000000002,0.535568904,
0.000235,0.538202875,
0.000236,0.540840256,
0.000237,0.543481053,
0.00023799999999999998,0.5461252719999999,
0.00023899999999999998,0.5487729189999999,
0.00023999999999999998,0.5514239999999999,
0.000241,0.554078521,
0.000242,0.556736488,
0.000243,0.5593979069999999,
0.000244,0.562062784,
0.000245,0.564731125,
0.000246,0.567402936,
0.000247,0.570078223,
0.000248,0.572756992,
0.000249,0.575439249,
0.00025,0.578125,
0.000251,0.5808142510000001,
0.000252,0.583507008,
0.000253,0.586203277,
0.000254,0.588903064,
0.000255,0.591606375,
0.000256,0.594313216,
0.000257,0.5970235930000001,
0.000258,0.599737512,
0.000259,0.602454979,
0.00026000000000000003,0.605176,
0.000261,0.607900581,
0.000262,0.610628728,
0.000263,0.613360447,
0.000264,0.616095744,
0.000265,0.6188346250000001,
0.000266,0.621577096,
0.00026700000000000004,0.624323163,
0.000268,0.6270728320000001,
0.00026900000000000003,0.629826109,
0.00027,0.6325830000000001,
0.00027100000000000003,0.6353435110000001,
0.000272,0.6381076480000001,
0.000273,0.6408754170000001,
0.00027400000000000005,0.6436468240000001,
0.000275,0.646421875,
0.00027600000000000004,0.649200576,
0.000277,0.6519829330000001,
0.00027800000000000004,0.6547689520000001,
0.000279,0.6575586390000001,
0.00028000000000000003,0.660352,
0.00028100000000000005,0.663149041,
0.00028199999999999997,0.6659497679999999,
0.000283,0.668754187,
0.00028399999999999996,0.6715623039999999,
0.000285,0.6743741249999999,
0.00028599999999999996,0.6771896559999999,
0.000287,0.6800089029999999,
0.00028799999999999995,0.682831872,
0.000289,0.6856585689999999,
0.00029,0.6884889999999999,
0.00029099999999999997,0.691323171,
0.000292,0.694161088,
0.00029299999999999997,0.6970027569999999,
0.000294,0.6998481839999999,
0.00029499999999999996,0.702697375,
0.000296,0.705550336,
0.000297,0.708407073,
0.000298,0.711267592,
0.000299,0.714131899,
0.0003,0.717,
0.000301,0.719871901,
0.00030199999999999997,0.7227476079999999,
0.000303,0.725627127,
0.000304,0.728510464,
0.000305,0.731397625,
0.000306,0.734288616,
0.000307,0.7371834429999999,
0.000308,0.7400821120000001,
0.000309,0.742984629,
0.00031,0.7458910000000001,
0.000311,0.7488012310000001,
0.000312,0.751715328,
0.000313,0.754633297,
0.000314,0.757555144,
0.000315,0.7604808750000001,
0.000316,0.763410496,
0.000317,0.7663440130000001,
0.00031800000000000003,0.7692814320000001,
0.000319,0.7722227589999999,
0.00032,0.7751680000000001,
0.000321,0.778117161,
0.000322,0.781070248,
0.000323,0.784027267,
0.000324,0.786988224,
0.000325,0.789953125,
0.000326,0.792921976,
0.00032700000000000003,0.795894783,
0.000328,0.798871552,
0.00032900000000000003,0.801852289,
0.00033,0.804837,
0.000331,0.8078256910000001,
0.000332,0.8108183680000001,
0.000333,0.8138150370000001,
0.00033400000000000004,0.8168157040000001,
0.000335,0.8198203750000002,
0.00033600000000000004,0.822829056,
0.000337,0.8258417530000001,
0.00033800000000000003,0.8288584720000001,
0.000339,0.8318792190000001,
0.00034,0.8349040000000001,
0.00034100000000000005,0.8379328210000001,
0.000342,0.840965688,
0.00034300000000000004,0.844002607,
0.00034399999999999996,0.8470435839999999,
0.000345,0.8500886249999999,
0.00034599999999999995,0.853137736,
0.000347,0.856190923,
0.000348,0.8592481919999999,
0.00034899999999999997,0.8623095489999999,
0.00035,0.8653749999999999,
0.00035099999999999997,0.868444551,
0.000352,0.8715182079999999,
0.00035299999999999996,0.8745959769999999,
0.000354,0.8776778639999999,
0.00035499999999999996,0.880763875,
0.000356,0.8838540159999999,
0.000357,0.8869482929999999,
0.000358,0.890046712,
0.000359,0.893149279,
0.00035999999999999997,0.8962559999999999,
0.000361,0.899366881,
0.00036199999999999996,0.9024819279999999,
0.000363,0.9056011469999999,
0.000364,0.9087245439999999,
0.000365,0.911852125,
0.000366,0.914983896,
0.000367,0.918119863,
0.000368,0.921260032,
0.00036899999999999997,0.924404409,
0.00037,0.927553,
0.000371,0.9307058109999999,
0.000372,0.933862848,
0.000373,0.937024117,
0.000374,0.940189624,
0.000375,0.943359375,
0.000376,0.946533376,
0.000377,0.9497116329999999,
0.000378,0.952894152,
0.000379,0.956080939,
0.00038,0.959272,
0.000381,0.962467341,
0.000382,0.965666968,
0.000383,0.968870887,
0.000384,0.972079104,
0.00038500000000000003,0.975291625,
0.000386,0.978508456,
0.00038700000000000003,0.981729603,
0.000388,0.9849550720000001,
0.000389,0.988184869,
0.00039,0.991419,
0.000391,0.994657471,
0.00039200000000000004,0.9979002880000001,
0.000393,1.001147457,
0.00039400000000000004,1.004398984,
0.000395,1.007654875,
0.00039600000000000003,1.010915136,
0.000397,1.014179773,
0.000398,1.0174487920000002,
0.000399,1.0207221990000002,
0.0004,1.024,
0.00040100000000000004,1.0272822010000002,
0.000402,1.030568808,
0.00040300000000000004,1.0338598270000001,
0.000404,1.037155264,
0.00040500000000000003,1.040455125,
0.000406,1.043759416,
0.00040699999999999997,1.047068143,
0.000408,1.0503813119999998,
0.00040899999999999997,1.0536989289999998,
0.00041,1.057021,
0.00041099999999999996,1.060347531,
0.000412,1.0636785279999998,
0.00041299999999999996,1.0670139969999999,
0.000414,1.0703539439999998,
0.000415,1.073698375,
0.000416,1.077047296,
0.000417,1.080400713,
0.00041799999999999997,1.0837586319999999,
0.000419,1.087121059,
0.00041999999999999996,1.090488,
0.000421,1.0938594609999999,
0.000422,1.097235448,
0.000423,1.100615967,
0.000424,1.104001024,
0.000425,1.107390625,
0.000426,1.110784776,
0.00042699999999999997,1.114183483,
0.000428,1.117586752,
0.000429,1.120994589,
0.00043,1.124407,
0.000431,1.127823991,
0.000432,1.131245568,
0.000433,1.134671737,
0.000434,1.138102504,
0.000435,1.141537875,
0.00043599999999999997,1.144977856,
0.000437,1.148422453,
0.000438,1.151871672,
0.000439,1.155325519,
0.00044,1.158784,
0.000441,1.162247121,
0.000442,1.165714888,
0.000443,1.169187307,
0.000444,1.172664384,
0.00044500000000000003,1.176146125,
0.000446,1.179632536,
0.000447,1.1831236230000002,
0.000448,1.186619392,
0.000449,1.190119849,
0.00045,1.193625,
0.000451,1.1971348510000002,
0.00045200000000000004,1.200649408,
0.000453,1.204168677,
0.00045400000000000003,1.207692664,
0.000455,1.211221375,
0.000456,1.2147548160000001,
0.000457,1.2182929930000002,
0.000458,1.221835912,
0.00045900000000000004,1.225383579,
0.00046,1.228936,
0.00046100000000000004,1.2324931810000002,
0.000462,1.236055128,
0.00046300000000000003,1.2396218470000002,
0.000464,1.243193344,
0.000465,1.2467696250000002,
0.00046600000000000005,1.2503506960000002,
0.000467,1.2539365630000001,
0.00046800000000000005,1.2575272320000002,
0.00046899999999999996,1.261122709,
0.00047,1.264723,
0.00047099999999999996,1.2683281109999998,
0.000472,1.271938048,
0.00047299999999999995,1.275552817,
0.000474,1.279172424,
0.000475,1.2827968749999998,
0.00047599999999999997,1.286426176,
0.000477,1.290060333,
0.00047799999999999996,1.293699352,
0.000479,1.297343239,
0.00047999999999999996,1.300992,
0.000481,1.304645641,
0.000482,1.3083041679999998,
0.000483,1.3119675869999998,
0.000484,1.315635904,
0.00048499999999999997,1.319309125,
0.000486,1.322987256,
0.00048699999999999997,1.326670303,
0.000488,1.330358272,
0.000489,1.3340511689999999,
0.00049,1.337749,
0.000491,1.341451771,
0.000492,1.345159488,
0.000493,1.348872157,
0.000494,1.352589784,
0.000495,1.356312375,
0.000496,1.360039936,
0.000497,1.363772473,
0.000498,1.367509992,
0.000499,1.3712524990000001,
0.0005,1.375,
0.000501,1.3787525010000001,
0.000502,1.3825100080000001,
0.000503,1.386272527,
0.000504,1.390040064,
0.000505,1.393812625,
0.000506,1.397590216,
0.000507,1.401372843,
0.000508,1.4051605120000001,
0.000509,1.4089532290000002,
0.00051,1.412751,
0.0005110000000000001,1.4165538309999999,
0.000512,1.420361728,
0.000513,1.424174697,
0.000514,1.427992744,
0.000515,1.4318158749999998,
0.000516,1.4356440959999999,
0.000517,1.439477413,
0.000518,1.4433158320000001,
0.000519,1.447159359,
0.0005200000000000001,1.451008,
0.000521,1.454861761,
0.000522,1.4587206480000001,
0.000523,1.4625846670000002,
0.000524,1.4664538240000002,
0.0005250000000000001,1.470328125,
0.000526,1.474207576,
0.000527,1.4780921830000002,
0.000528,1.4819819520000002,
0.0005290000000000001,1.485876889,
0.00053,1.4897770000000001,
0.000531,1.493682291,
0.000532,1.497592768,
0.000533,1.501508437,
0.0005340000000000001,1.5054293040000002,
0.000535,1.5093553750000002,
0.000536,1.513286656,
0.000537,1.5172231530000002,
0.0005380000000000001,1.5211648720000002,
0.000539,1.5251118190000001,
0.00054,1.529064,
0.000541,1.5330214210000002,
0.0005420000000000001,1.536984088,
0.0005430000000000001,1.540952007,
0.000544,1.5449251840000002,
0.000545,1.548903625,
0.000546,1.5528873360000002,
0.0005470000000000001,1.556876323,
0.0005480000000000001,1.5608705920000001,
0.000549,1.5648701490000003,
0.00055,1.5688750000000002,
0.0005510000000000001,1.5728851510000004,
0.0005520000000000001,1.576900608,
0.000553,1.5809213770000001,
0.000554,1.584947464,
0.000555,1.588978875,
0.0005560000000000001,1.5930156160000002,
0.0005570000000000001,1.597057693,
0.000558,1.6011051120000002,
0.000559,1.605157879,
0.0005600000000000001,1.6092160000000002,
0.0005610000000000001,1.6132794810000002,
0.0005620000000000001,1.6173483280000003,
0.0005629999999999999,1.6214225469999997,
0.0005639999999999999,1.625502144,
0.000565,1.6295871249999998,
0.000566,1.6336774959999998,
0.0005669999999999999,1.637773263,
0.0005679999999999999,1.6418744319999998,
0.000569,1.6459810089999998,
0.00057,1.6500929999999996,
0.000571,1.654210411,
0.0005719999999999999,1.658333248,
0.0005729999999999999,1.6624615169999997,
0.000574,1.666595224,
0.000575,1.6707343749999997,
0.0005759999999999999,1.674878976,
0.0005769999999999999,1.679029033,
0.000578,1.6831845519999997,
0.000579,1.6873455389999998,
0.00058,1.691512,
0.0005809999999999999,1.695683941,
0.0005819999999999999,1.6998613679999997,
0.000583,1.7040442869999999,
0.000584,1.7082327039999998,
0.000585,1.712426625,
0.0005859999999999999,1.716626056,
0.000587,1.7208310029999998,
0.000588,1.725041472,
0.000589,1.7292574689999998,
0.0005899999999999999,1.733479,
0.0005909999999999999,1.7377060709999999,
0.000592,1.7419386879999998,
0.000593,1.746176857,
0.000594,1.750420584,
0.0005949999999999999,1.754669875,
0.000596,1.758924736,
0.000597,1.7631851729999999,
0.000598,1.7674511919999998,
0.0005989999999999999,1.771722799,
0.0006,1.7759999999999998,
0.000601,1.7802828009999998,
0.000602,1.784571208,
0.000603,1.7888652269999998,
0.0006039999999999999,1.793164864,
0.000605,1.7974701249999998,
0.000606,1.801781016,
0.000607,1.806097543,
0.000608,1.8104197119999998,
0.000609,1.814747529,
0.00061,1.8190809999999997,
0.000611,1.823420131,
0.000612,1.8277649280000001,
0.0006129999999999999,1.832115397,
0.000614,1.8364715440000001,
0.000615,1.8408333749999999,
0.000616,1.8452008960000001,
0.000617,1.849574113,
0.000618,1.8539530319999997,
0.000619,1.8583376589999998,
0.00062,1.8627280000000002,
0.000621,1.867124061,
0.000622,1.871525848,
0.000623,1.875933367,
0.000624,1.880346624,
0.000625,1.884765625,
0.000626,1.8891903759999997,
0.000627,1.8936208829999999,
0.000628,1.8980571520000002,
0.000629,1.902499189,
0.00063,1.9069470000000002,
0.000631,1.911400591,
0.000632,1.915859968,
0.000633,1.920325137,
0.000634,1.924796104,
0.000635,1.9292728749999999,
0.0006360000000000001,1.933755456,
0.000637,1.938243853,
0.000638,1.942738072,
0.000639,1.9472381189999999,
0.00064,1.9517440000000001,
0.000641,1.956255721,
0.000642,1.960773288,
0.000643,1.965296707,
0.000644,1.9698259840000003,
0.0006450000000000001,1.9743611250000002,
0.000646,1.9789021359999999,
0.000647,1.9834490230000001,
0.000648,1.988001792,
0.0006490000000000001,1.9925604490000002,
0.00065,1.997125,
0.000651,2.001695451,
0.000652,2.006271808,
0.000653,2.0108540770000003,
0.0006540000000000001,2.0154422640000003,
0.000655,2.020036375,
0.000656,2.0246364160000003,
0.000657,2.029242393,
0.0006580000000000001,2.033854312,
0.0006590000000000001,2.038472179,
0.00066,2.0430960000000002,
0.000661,2.0477257810000005,
0.000662,2.052361528,
0.0006630000000000001,2.057003247,
0.000664,2.061650944,
0.000665,2.066304625,
0.000666,2.070964296,
0.0006670000000000001,2.075629963,
0.0006680000000000001,2.0803016320000003,
0.000669,2.0849793090000004,
0.00067,2.0896630000000003,
0.000671,2.094352711,
0.0006720000000000001,2.0990484480000005,
0.0006730000000000001,2.103750217,
0.000674,2.108458024,
0.000675,2.113171875,
0.0006760000000000001,2.1178917760000004,
0.0006770000000000001,2.1226177330000002,
0.000678,2.127349752,
0.000679,2.1320878390000004,
0.00068,2.1368320000000005,
0.0006810000000000001,2.141582241,
0.0006820000000000001,2.146338568,
0.000683,2.1511009870000004,
0.000684,2.1558695040000004,
0.0006850000000000001,2.160644125,
0.0006860000000000001,2.165424856,
0.000687,2.1702117030000005,
0.0006879999999999999,2.175004672,
0.0006889999999999999,2.179803769,
0.00069,2.184609,
0.000691,2.1894203709999998,
0.0006919999999999999,2.194237888,
0.0006929999999999999,2.199061557,
0.000694,2.203891384,
0.000695,2.2087273749999996,
0.000696,2.2135695359999996,
0.0006969999999999999,2.218417873,
0.0006979999999999999,2.2232723919999997,
0.000699,2.228133099,
0.0007,2.2329999999999997,
0.0007009999999999999,2.237873101,
0.0007019999999999999,2.242752408,
0.000703,2.2476379269999995,
0.000704,2.252529664,
0.000705,2.257427625,
0.0007059999999999999,2.2623318159999997,
0.000707,2.2672422429999997,
0.000708,2.272158912,
0.000709,2.2770818289999997,
0.0007099999999999999,2.282011,
0.0007109999999999999,2.2869464309999996,
0.000712,2.291888128,
0.000713,2.296836097,
0.000714,2.3017903439999996,
0.0007149999999999999,2.3067508749999996,
0.000716,2.3117176959999997,
0.000717,2.3166908129999997,
0.000718,2.321670232,
0.000719,2.326655959,
0.0007199999999999999,2.331648,
0.000721,2.336646361,
0.000722,2.341651048,
0.000723,2.346662067,
0.0007239999999999999,2.351679424,
0.000725,2.356703125,
0.000726,2.361733176,
0.000727,2.3667695829999995,
0.000728,2.371812352,
0.0007289999999999999,2.376861489,
0.00073,2.3819169999999996,
0.000731,2.386978891,
0.000732,2.392047168,
0.000733,2.3971218370000003,
0.000734,2.402202904,
0.000735,2.4072903749999996,
0.000736,2.412384256,
0.000737,2.417484553,
0.0007379999999999999,2.422591272,
0.000739,2.427704419,
0.00074,2.432824,
0.000741,2.4379500210000002,
0.000742,2.443082488,
0.000743,2.448221407,
0.000744,2.453366784,
0.000745,2.458518625,
0.000746,2.4636769359999997,
0.000747,2.4688417229999997,
0.000748,2.474012992,
0.000749,2.4791907490000002,
0.00075,2.484375,
0.000751,2.4895657509999998,
0.000752,2.494763008,
0.000753,2.499966777,
0.000754,2.505177064,
0.000755,2.5103938749999997,
0.000756,2.515617216,
0.000757,2.5208470930000004,
0.000758,2.526083512,
0.000759,2.531326479,
0.00076,2.536576,
0.000761,2.5418320810000004,
0.000762,2.5470947280000003,
0.000763,2.552363947,
0.000764,2.5576397440000003,
0.0007650000000000001,2.562922125,
0.000766,2.568211096,
0.000767,2.573506663,
0.000768,2.578808832,
0.000769,2.584117609,
0.0007700000000000001,2.589433,
0.000771,2.5947550109999997,
0.000772,2.600083648,
0.000773,2.605418917,
0.0007740000000000001,2.610760824,
0.000775,2.616109375,
0.000776,2.621464576,
0.000777,2.626826433,
0.000778,2.632194952,
0.0007790000000000001,2.637570139,
0.00078,2.642952,
0.000781,2.6483405410000005,
0.000782,2.653735768,
0.0007830000000000001,2.659137687,
0.0007840000000000001,2.6645463040000004,
0.000785,2.6699616250000004,
0.000786,2.675383656,
0.000787,2.680812403,
0.0007880000000000001,2.686247872,
0.000789,2.6916900690000003,
0.00079,2.6971390000000004,
0.000791,2.702594671,
0.0007920000000000001,2.7080570880000003,
0.0007930000000000001,2.7135262570000003,
0.000794,2.7190021840000003,
0.000795,2.724484875,
0.000796,2.729974336,
0.0007970000000000001,2.735470573,
0.000798,2.740973592,
0.000799,2.746483399,
0.0008,2.7520000000000002,
0.0008010000000000001,2.7575234010000003,
0.0008020000000000001,2.7630536080000003,
0.000803,2.768590627,
0.000804,2.7741344640000003,
0.000805,2.7796851250000003,
0.0008060000000000001,2.7852426160000006,
0.0008070000000000001,2.790806943,
0.000808,2.796378112,
0.000809,2.8019561290000006,
0.0008100000000000001,2.8075410000000005,
0.0008110000000000001,2.813132731,
0.000812,2.818731328,
0.0008129999999999999,2.824336797,
0.0008139999999999999,2.829949144,
0.000815,2.835568375,
0.000816,2.8411944959999995,
0.0008169999999999999,2.846827513,
0.0008179999999999999,2.852467432,
0.000819,2.8581142589999997,
0.00082,2.8637679999999994,
0.0008209999999999999,2.8694286609999997,
0.0008219999999999999,2.8750962479999997,
0.000823,2.880770767,
0.000824,2.8864522239999997,
0.000825,2.8921406249999997,
0.0008259999999999999,2.8978359759999996,
0.0008269999999999999,2.9035382829999996,
0.000828,2.9092475519999996,
0.000829,2.9149637889999997,
0.00083,2.920687,
0.0008309999999999999,2.926417191,
0.000832,2.9321543679999995,
0.000833,2.9378985369999997,
0.000834,2.943649704,
0.0008349999999999999,2.949407875,
0.0008359999999999999,2.9551730559999996,
0.000837,2.9609452529999993,
0.000838,2.966724472,
0.000839,2.9725107189999997,
0.0008399999999999999,2.9783039999999996,
0.000841,2.9841043210000002,
0.000842,2.989911688,
0.000843,2.995726107,
0.000844,3.001547584,
0.0008449999999999999,3.0073761249999995,
0.000846,3.013211736,
0.000847,3.0190544229999996,
0.000848,3.0249041919999997,
0.0008489999999999999,3.0307610489999997,
0.00085,3.036625,
0.000851,3.0424960509999996,
0.000852,3.048374208,
0.000853,3.0542594769999996,
0.0008539999999999999,3.060151864,
0.000855,3.066051375,
0.000856,3.0719580159999995,
0.000857,3.077871793,
0.000858,3.083792712,
0.000859,3.089720779,
0.00086,3.0956559999999995,
0.000861,3.1015983809999996,
0.000862,3.107547928,
0.0008629999999999999,3.113504647,
0.000864,3.1194685439999996,
0.000865,3.1254396250000003,
0.000866,3.131417896,
0.000867,3.137403363,
0.000868,3.1433960319999996,
0.000869,3.149395909,
0.00087,3.155403,
0.000871,3.161417311,
0.0008719999999999999,3.1674388479999998,
0.000873,3.173467617,
0.000874,3.179503624,
0.000875,3.185546875,
0.000876,3.191597376,
0.000877,3.1976551329999996,
0.000878,3.2037201520000003,
0.000879,3.209792439,
0.00088,3.2158719999999996,
0.0008810000000000001,3.221958841,
0.000882,3.228052968,
0.000883,3.234154387,
0.000884,3.240263104,
0.000885,3.246379125,
0.000886,3.252502456,
0.000887,3.258633103,
0.000888,3.264771072,
0.000889,3.270916369,
0.0008900000000000001,3.2770690000000005,
0.000891,3.283228971,
0.000892,3.289396288,
0.000893,3.295570957,
0.000894,3.301752984,
0.0008950000000000001,3.307942375,
0.000896,3.314139136,
0.000897,3.3203432730000007,
0.000898,3.326554792,
0.0008990000000000001,3.332773699,
0.0009,3.339,
0.000901,3.3452337009999997,
0.000902,3.3514748080000003,
0.000903,3.357723327,
0.0009040000000000001,3.363979264,
0.000905,3.3702426250000004,
0.000906,3.3765134160000003,
0.000907,3.382791643,
0.0009080000000000001,3.389077312,
0.000909,3.3953704289999997,
0.00091,3.4016710000000003,
0.000911,3.407979031,
0.000912,3.414294528,
0.0009130000000000001,3.4206174970000003,
0.000914,3.426947944,
0.000915,3.433285875,
0.000916,3.439631296,
0.0009170000000000001,3.445984213,
0.0009180000000000001,3.4523446320000004,
0.000919,3.4587125590000003,
0.00092,3.465088,
0.000921,3.4714709610000005,
0.0009220000000000001,3.4778614480000005,
0.000923,3.484259467,
0.000924,3.490665024,
0.000925,3.497078125,
0.0009260000000000001,3.5034987760000007,
0.0009270000000000001,3.509926983,
0.000928,3.516362752,
0.000929,3.5228060890000004,
0.00093,3.5292570000000003,
0.0009310000000000001,3.5357154910000004,
0.0009320000000000001,3.542181568,
0.000933,3.548655237,
0.000934,3.5551365040000005,
0.0009350000000000001,3.5616253750000006,
0.0009360000000000001,3.5681218560000003,
0.000937,3.574625953000001,
0.0009379999999999999,3.5811376719999997,
0.000939,3.587657019,
0.00094,3.594184,
0.000941,3.6007186209999995,
0.0009419999999999999,3.607260888,
0.0009429999999999999,3.613810807,
0.000944,3.620368384,
0.000945,3.6269336249999995,
0.0009459999999999999,3.6335065359999996,
0.0009469999999999999,3.640087123,
0.000948,3.6466753919999997,
0.000949,3.6532713489999993,
0.00095,3.6598749999999995,
0.0009509999999999999,3.6664863509999996,
0.0009519999999999999,3.6731054079999996,
0.000953,3.6797321769999995,
0.000954,3.6863666639999995,
0.000955,3.693008875,
0.0009559999999999999,3.699658816,
0.000957,3.7063164929999997,
0.000958,3.712981912,
0.000959,3.719655079,
0.0009599999999999999,3.726336,
0.0009609999999999999,3.7330246809999994,
0.000962,3.7397211279999993,
0.000963,3.7464253469999997,
0.000964,3.7531373439999998,
0.0009649999999999999,3.7598571249999995,
0.000966,3.766584696,
0.000967,3.773320063,
0.000968,3.780063232,
0.000969,3.7868142089999997,
0.0009699999999999999,3.7935729999999994,
0.000971,3.800339611,
0.000972,3.807114048,
0.000973,3.8138963169999998,
0.0009739999999999999,3.820686424,
0.000975,3.827484375,
0.000976,3.8342901759999997,
0.000977,3.8411038329999996,
0.000978,3.847925352,
0.000979,3.854754739,
0.00098,3.861592,
0.0009809999999999999,3.868437141,
0.000982,3.8752901680000003,
0.000983,3.882151087,
0.000984,3.889019904,
0.000985,3.895896625,
0.000986,3.902781256,
0.000987,3.909673803,
0.000988,3.916574272,
0.000989,3.9234826689999998,
0.00099,3.9303990000000004,
0.000991,3.937323271,
0.000992,3.9442554879999996,
0.000993,3.9511956569999995,
0.000994,3.9581437839999998,
0.000995,3.9650998750000004,
0.000996,3.972063936,
0.000997,3.979035973,
0.000998,3.9860159920000005,
0.000999,3.9930039990000004,
